   90000.00
   92000.00    
   94000.00    
   96000.00    
   98000.00    
   100000.0    
   102000.0    
   104000.0    
   106000.0    
   108000.0    
   110000.0    
   112000.0    
   114000.0    
   116000.0    
   118000.0    
   120000.0    
   122000.0    
   124000.0    
   126000.0    
   128000.0    
   130000.0    
   132000.0    
   134000.0    
   136000.0    
   138000.0    
   140000.0    
   142000.0    
   144000.0    
   146000.0    
   148000.0    
   150000.0    
   152000.0    
   162000.0    
   172000.0    
   182000.0    
   192000.0    
   202000.0    
   212000.0    
   222000.0    
   232000.0    
   242000.0    
   252000.0    
   262000.0    
   272000.0    
   282000.0    
   292000.0    
   302000.0    
   312000.0    
   322000.0    
   332000.0    
   342000.0    
   352000.0    
   362000.0    
   372000.0    
   382000.0    
   392000.0    
   402000.0    
   412000.0    
   422000.0    
   432000.0    
   442000.0    
   452000.0    
   462000.0    
   472000.0    
   482000.0    
   492000.0    
   502000.0    
   512000.0    
   522000.0    
   532000.0    
   542000.0    
   552000.0    
   562000.0    
   572000.0    
   582000.0    
   592000.0    
   602000.0    
   622000.0    
   642000.0    
   662000.0    
   682000.0    
   702000.0    
   722000.0    
   742000.0    
   762000.0    
   782000.0    
   802000.0    
   822000.0    
   842000.0    
   862000.0    
   882000.0    
   902000.0    
   922000.0    
   942000.0    
   962000.0    
   982000.0    
   1002000.    
   1022000.    
   1042000.    
   1062000.    
   1082000.    
   1102000.    
   1122000.    
   1142000.    
   1162000.    
   1182000.    
   1202000.    
   1222000.    
   1242000.    
   1262000.    
   1282000.    
   1302000.    
   1322000.    
   1342000.    
   1362000.    
   1382000.    
   1402000.    
   1422000.    
   1442000.    
   1462000.    
   1482000.    
   1502000.    
   1522000.    
   1542000.    
   1562000.    
   1582000.    
   1602000.    
   1622000.    
   1642000.    
   1662000.    
   1682000.    
   1702000.    
   1722000.    
   1742000.    
   1762000.    
   1782000.    
   1802000.    
   1822000.    
   1842000.    
   1862000.    
   1882000.    
   1902000.    
   1922000.    
   1942000.    
   1962000.    
   1982000.    
   2002000.    
   2022000.    
   2042000.    
   2062000.    
   2082000.    
   2102000.    
   2122000.    
   2142000.    
   2162000.    
   2182000.    
   2202000.    
   2222000.    
   2242000.    
   2262000.    
   2282000.    
   2302000.    
   2322000.    
   2342000.    
   2362000.    
   2382000.    
   2402000.    
   2422000.    
   2442000.    
   2462000.    
   2482000.    
   2502000.    
   2522000.    
   2542000.    
   2562000.    
   2582000.    
   2602000.    
   2622000.    
   2642000.    
   2662000.    
   2682000.    
   2702000.    
   2722000.    
   2742000.    
   2762000.    
   2782000.    
   2802000.    
   2822000.    
   2842000.    
   2862000.    
   2882000.    
   2902000.    
   2922000.    
   2942000.    
   2962000.    
   2982000.    
   3002000.    
   4002000.    
   5002000.    
   6002000.    
   7002000.    
   8002000.    
   9002000.    
  1.0002000E+07
  1.1002000E+07
  1.2002000E+07
  1.3002000E+07
  1.4002000E+07
  1.5002000E+07
  1.6002000E+07
  1.7002000E+07
  1.8002000E+07
  1.9002000E+07
  2.0002000E+07
  2.1002000E+07
  2.2002000E+07
  2.3002000E+07
  2.4002000E+07
  2.5002000E+07
  2.6002000E+07
  2.7002000E+07
  2.8002000E+07
  2.9002000E+07
  3.0002000E+07
  3.1002000E+07
  3.2002000E+07
  3.3002000E+07
  3.4002000E+07
  3.5002000E+07
  3.6002000E+07
  3.7002000E+07
  3.8002000E+07
  3.9002000E+07
  4.0002000E+07
  4.1002000E+07
  4.2002000E+07
  4.3002000E+07
  4.4002000E+07
  4.5002000E+07
  4.6002000E+07
  4.7002000E+07
  4.8002000E+07
  4.9002000E+07
  5.0002000E+07
  5.1002000E+07
  5.2002000E+07
  5.3002000E+07
  5.4002000E+07
  5.5002000E+07
  5.6002000E+07
  5.7002000E+07
  5.8002000E+07
  5.9002000E+07
  6.0002000E+07
  6.1002000E+07
  6.2002000E+07
  6.3002000E+07
  6.4002000E+07
  6.5002000E+07
  6.6002000E+07
  6.7002000E+07
  6.8002000E+07
  6.9002000E+07
  7.0002000E+07
  7.1002000E+07
  7.2002000E+07
  7.3002000E+07
  7.4002000E+07
  7.5002000E+07
  7.6002000E+07
  7.7002000E+07
  7.8002000E+07
  7.9002000E+07
  8.0002000E+07
  8.1002000E+07
  8.2002000E+07
  8.3002000E+07
  8.4002000E+07
  8.5002000E+07
  8.6002000E+07
  8.7002000E+07
  8.8002000E+07
  8.9002000E+07
  9.0002000E+07
  9.1002000E+07
  9.2002000E+07
  9.3002000E+07
  9.4002000E+07
  9.5002000E+07
  9.6002000E+07
  9.7002000E+07
  9.8002000E+07
  9.9002000E+07
  1.0000200E+08
  1.0100200E+08
  1.0200200E+08
  1.0300200E+08
  1.0400200E+08
  1.0500200E+08
  1.0600200E+08
  1.0700200E+08
  1.0800200E+08
  1.0900200E+08
  1.1000200E+08
  1.1100200E+08
  1.1200200E+08
  1.1300200E+08
  1.1400200E+08
  1.1500200E+08
  1.1600200E+08
  1.1700200E+08
  1.1800200E+08
  1.1900200E+08
  1.2000200E+08
  1.2100200E+08
  1.2200200E+08
  1.2300200E+08
  1.2400200E+08
  1.2500200E+08
  1.2600200E+08
  1.2700200E+08
  1.2800200E+08
  1.2900200E+08
  1.3000200E+08
  1.3100200E+08
  1.3200200E+08
  1.3300200E+08
  1.3400200E+08
  1.3500200E+08
  1.3600200E+08
  1.3700200E+08
  1.3800200E+08
  1.3900200E+08
  1.4000200E+08
  1.4100200E+08
  1.4200200E+08
  1.4300200E+08
  1.4400200E+08
  1.4500200E+08
  1.4600200E+08
  1.4700200E+08
  1.4800200E+08
  1.4900200E+08
  1.5000200E+08
  1.5100200E+08
  1.5200200E+08
  1.5300200E+08
  1.5400200E+08
  1.5500200E+08
  1.5600200E+08
  1.5700200E+08
  1.5800200E+08
  1.5900200E+08
  1.6000200E+08
  1.6100200E+08
  1.6200200E+08
  1.6300200E+08
  1.6400200E+08
  1.6500200E+08
  1.6600200E+08
  1.6700200E+08
  1.6800200E+08
  1.6900200E+08
  1.7000200E+08
  1.7100200E+08
  1.7200200E+08
  1.7300200E+08
  1.7400200E+08
  1.7500200E+08
  1.7600200E+08
  1.7700200E+08
  1.7800200E+08
  1.7900200E+08
  1.8000200E+08
  1.8100200E+08
  1.8200200E+08
  1.8300200E+08
  1.8400200E+08
  1.8500200E+08
  1.8600200E+08
  1.8700200E+08
  1.8800200E+08
  1.8900200E+08
  1.9000200E+08
  1.9100200E+08
  1.9200200E+08
  1.9300200E+08
  1.9400200E+08
  1.9500200E+08
  1.9600200E+08
  1.9700200E+08
  1.9800200E+08
  1.9900200E+08
  2.0000200E+08
  2.0100200E+08
  2.0200200E+08
  2.0300200E+08
  2.0400200E+08
  2.0500200E+08
  2.0600200E+08
  2.0700200E+08
  2.0800200E+08
  2.0900200E+08
  2.1000200E+08
  2.1100200E+08
  2.1200200E+08
  2.1300200E+08
  2.1400200E+08
  2.1500200E+08
  2.1600200E+08
  2.1700200E+08
  2.1800200E+08
  2.1900200E+08
  2.2000200E+08
  2.2100200E+08
  2.2200200E+08
  2.2300200E+08
  2.2400200E+08
  2.2500200E+08
  2.2600200E+08
  2.2700200E+08
  2.2800200E+08
  2.2900200E+08
  2.3000200E+08
  2.3100200E+08
  2.3200200E+08
  2.3300200E+08
  2.3400200E+08
  2.3500200E+08
  2.3600200E+08
  2.3700200E+08
  2.3800200E+08
  2.3900200E+08
  2.4000200E+08
  2.4100200E+08
  2.4200200E+08
  2.4300200E+08
  2.4400200E+08
  2.4500200E+08
  2.4600200E+08
  2.4700200E+08
  2.4800200E+08
  2.4900200E+08
  2.5000200E+08
  2.5100200E+08
  2.5200200E+08
  2.5300200E+08
  2.5400200E+08
  2.5500200E+08
  2.5600200E+08
  2.5700200E+08
  2.5800200E+08
  2.5900200E+08
  2.6000200E+08
  2.6100200E+08
  2.6200200E+08
  2.6300200E+08
  2.6400200E+08
  2.6500200E+08
  2.6600200E+08
  2.6700200E+08
  2.6800200E+08
  2.6900198E+08
  2.7000198E+08
  2.7100198E+08
  2.7200198E+08
  2.7300198E+08
  2.7400198E+08
  2.7500198E+08
  2.7600198E+08
  2.7700198E+08
  2.7800198E+08
  2.7900198E+08
  2.8000198E+08
  2.8100198E+08
  2.8200198E+08
  2.8300198E+08
  2.8400198E+08
  2.8500198E+08
  2.8600198E+08
  2.8700198E+08
  2.8800198E+08
  2.8900198E+08
  2.9000198E+08
  2.9100198E+08
  2.9200198E+08
  2.9300198E+08
  2.9400198E+08
  2.9500198E+08
  2.9600198E+08
  2.9700198E+08
  2.9800198E+08
  2.9900198E+08
  3.0000198E+08
  3.0100198E+08
  3.0200198E+08
  3.0300198E+08
  3.0400198E+08
  3.0500198E+08
  3.0600198E+08
  3.0700198E+08
  3.0800198E+08
  3.0900198E+08
  3.1000198E+08
  3.1100198E+08
  3.1200198E+08
  3.1300198E+08
  3.1400198E+08
  3.1500198E+08
  3.1600198E+08
  3.1700198E+08
  3.1800198E+08
  3.1900198E+08
  3.2000198E+08
  3.2100198E+08
  3.2200198E+08
  3.2300198E+08
  3.2400198E+08
  3.2500198E+08
  3.2600198E+08
  3.2700198E+08
  3.2800198E+08
  3.2900198E+08
  3.3000198E+08
  3.3100198E+08
  3.3200198E+08
  3.3300198E+08
  3.3400198E+08
  3.3500198E+08
  3.3600198E+08
  3.3700198E+08
  3.3800198E+08
  3.3900198E+08
  3.4000198E+08
  3.4100198E+08
  3.4200198E+08
  3.4300198E+08
  3.4400198E+08
  3.4500198E+08
  3.4600198E+08
  3.4700198E+08
  3.4800198E+08
  3.4900198E+08
  3.5000198E+08
  3.5100198E+08
  3.5200198E+08
  3.5300198E+08
  3.5400198E+08
  3.5500198E+08
  3.5600198E+08
  3.5700198E+08
  3.5800198E+08
  3.5900198E+08
  3.6000198E+08
  3.6100198E+08
  3.6200198E+08
  3.6300198E+08
         557
