  1 -90.00 -99999999.99 -99999999.99   1.57080   1.00000   1.00000
  2 -88.12  6021584.30  6027955.50  -1.53805   0.99938   0.99786
  3 -86.24  1495013.80  1501385.00  -1.50515   0.99698   0.99047
  4 -84.33   656589.86   662961.06  -1.47191   0.99286   0.97809
  5 -82.40   363143.39   369514.59  -1.43817   0.98709   0.96113
  6 -80.43   227369.97   233741.17  -1.40376   0.97976   0.94015
  7 -78.41   153688.96   160060.16  -1.36850   0.97100   0.91582
  8 -76.33   109343.79   115714.99  -1.33224   0.96097   0.88886
  9 -74.19    80649.42    87020.62  -1.29482   0.94984   0.86004
 10 -71.97    61066.16    67437.36  -1.25609   0.93782   0.83015
 11 -69.67    47148.28    53519.48  -1.21594   0.92512   0.79993
 12 -67.28    36939.74    43310.94  -1.17424   0.91200   0.77012
 13 -64.80    29262.91    35634.11  -1.13093   0.89870   0.74138
 14 -62.22    23373.82    29745.02  -1.08595   0.88551   0.71432
 15 -59.55    18783.50    25154.70  -1.03931   0.87269   0.68950
 16 -56.78    15159.55    21530.75  -0.99106   0.86052   0.66739
 17 -53.93    12269.41    18640.61  -0.94129   0.84927   0.64845
 18 -51.00     9946.12    16317.32  -0.89019   0.83918   0.63304
 19 -48.01     8067.19    14438.39  -0.83799   0.83050   0.62155
 20 -44.98     6540.96    12912.16  -0.78500   0.82342   0.61429
 21 -41.92     5297.59    11668.79  -0.73158   0.81809   0.61161
 22 -38.85     4283.02    10654.22  -0.67813   0.81463   0.61385
 23 -35.82     3454.82     9826.02  -0.62511   0.81310   0.62139
 24 -32.83     2779.25     9150.45  -0.57296   0.81351   0.63468
 25 -29.92     2229.16     8600.36  -0.52213   0.81581   0.65424
 26 -27.10     1782.51     8153.71  -0.47305   0.81990   0.68072
 27 -24.41     1421.23     7792.43  -0.42610   0.82567   0.71497
 28 -21.86     1130.41     7501.61  -0.38161   0.83293   0.75806
 29 -19.47      897.67     7268.87  -0.33984   0.84148   0.81141
 30 -17.25      712.67     7083.87  -0.30100   0.85111   0.87691
 31 -15.20      566.77     6937.97  -0.26524   0.86160   0.95712
 32 -13.33      452.71     6823.91  -0.23264   0.87271   1.05554
 33 -11.64      364.42     6735.62  -0.20324   0.88422   1.17703
 34 -10.14      296.79     6667.99  -0.17703   0.89592   1.32835
 35  -8.82      245.57     6616.77  -0.15394   0.90761   1.51892
 36  -7.67      207.24     6578.44  -0.13390   0.91909   1.76163
 37  -6.69      178.85     6550.05  -0.11673   0.93021   2.07343
 38  -5.86      158.03     6529.23  -0.10225   0.94082   2.47432
 39  -5.17      142.83     6514.03  -0.09018   0.95079   2.98236
 40  -4.59      131.72     6502.92  -0.08018   0.96002   3.60017
 41  -4.12      123.48     6494.68  -0.07186   0.96843   4.29046
 42  -3.71      117.19     6488.39  -0.06478   0.97592   4.95150
 43  -3.35      112.16     6483.36  -0.05849   0.98247   5.42716
 44  -3.01      107.90     6479.10  -0.05258   0.98801   5.57701
 45  -2.67      104.07     6475.27  -0.04662   0.99252   5.35457
 46  -2.30      100.46     6471.66  -0.04021   0.99599   4.80403
 47  -1.88       96.94     6468.14  -0.03277   0.99839   3.97833
 48  -1.33       93.47     6464.67  -0.02316   0.99973   2.82492
 49   0.00       90.00     6461.20   0.00000   1.00000   0.00000
 50   1.33       93.47     6464.67   0.02316   0.99973   2.82492
 51   1.88       96.94     6468.14   0.03277   0.99839   3.97833
 52   2.30      100.46     6471.66   0.04021   0.99599   4.80403
 53   2.67      104.07     6475.27   0.04662   0.99252   5.35457
 54   3.01      107.90     6479.10   0.05258   0.98801   5.57701
 55   3.35      112.16     6483.36   0.05849   0.98247   5.42716
 56   3.71      117.19     6488.39   0.06478   0.97592   4.95150
 57   4.12      123.48     6494.68   0.07186   0.96843   4.29046
 58   4.59      131.72     6502.92   0.08018   0.96002   3.60017
 59   5.17      142.83     6514.03   0.09018   0.95079   2.98236
 60   5.86      158.03     6529.23   0.10225   0.94082   2.47432
 61   6.69      178.85     6550.05   0.11673   0.93021   2.07343
 62   7.67      207.24     6578.44   0.13390   0.91909   1.76163
 63   8.82      245.57     6616.77   0.15394   0.90761   1.51892
 64  10.14      296.79     6667.99   0.17703   0.89592   1.32835
 65  11.64      364.42     6735.62   0.20324   0.88422   1.17703
 66  13.33      452.71     6823.91   0.23264   0.87271   1.05554
 67  15.20      566.77     6937.97   0.26524   0.86160   0.95712
 68  17.25      712.67     7083.87   0.30100   0.85111   0.87691
 69  19.47      897.67     7268.87   0.33984   0.84148   0.81141
 70  21.86     1130.41     7501.61   0.38161   0.83293   0.75806
 71  24.41     1421.23     7792.43   0.42610   0.82567   0.71497
 72  27.10     1782.51     8153.71   0.47305   0.81990   0.68072
 73  29.92     2229.16     8600.36   0.52213   0.81581   0.65424
 74  32.83     2779.25     9150.45   0.57296   0.81351   0.63468
 75  35.82     3454.82     9826.02   0.62511   0.81310   0.62139
 76  38.85     4283.02    10654.22   0.67813   0.81463   0.61385
 77  41.92     5297.58    11668.78   0.73158   0.81809   0.61161
 78  44.98     6540.96    12912.16   0.78500   0.82342   0.61429
 79  48.01     8067.19    14438.39   0.83799   0.83050   0.62155
 80  51.00     9946.11    16317.31   0.89019   0.83918   0.63304
 81  53.93    12269.40    18640.60   0.94129   0.84927   0.64845
 82  56.78    15159.57    21530.77   0.99106   0.86052   0.66739
 83  59.55    18783.50    25154.70   1.03931   0.87269   0.68950
 84  62.22    23373.81    29745.01   1.08595   0.88551   0.71432
 85  64.80    29262.93    35634.13   1.13093   0.89870   0.74138
 86  67.28    36939.74    43310.94   1.17424   0.91200   0.77012
 87  69.67    47148.22    53519.42   1.21594   0.92512   0.79993
 88  71.97    61066.10    67437.30   1.25609   0.93782   0.83015
 89  74.19    80649.49    87020.69   1.29482   0.94984   0.86004
 90  76.33   109343.79   115714.99   1.33224   0.96097   0.88886
 91  78.41   153688.77   160059.97   1.36850   0.97100   0.91582
 92  80.43   227370.30   233741.50   1.40376   0.97976   0.94015
 93  82.40   363143.39   369514.59   1.43817   0.98709   0.96113
 94  84.33   656589.86   662961.06   1.47191   0.99286   0.97809
 95  86.24  1495008.55  1501379.75   1.50515   0.99698   0.99047
 96  88.12  6021627.30  6027998.50   1.53805   0.99938   0.99786
 97  90.00 -99999999.99 -99999999.99   1.57080   1.00000   1.00000
  J   Lat    ApHeight    ApRadius     YLATM    RCOS0S    DT0DTS
